
res =

 Columns 1 through 8:

  -3.38674   0.00000   0.00000   0.00009  -0.00087  -0.00095   0.00155  -0.01887
  -3.25333   0.00000   0.00000  -0.00003   0.00040  -0.00092  -0.01640  -0.00912
  -4.96075   0.00000   0.00000  -0.00001  -0.00012   0.00331   0.01349  -0.01947

 Columns 9 through 16:

  -0.00142   0.00061   0.00048   0.00007   0.00044   0.00198   0.00166   0.00445
  -0.01320  -0.00159  -0.00860  -0.00324   0.00402   0.00546   0.00239  -0.00499
  -0.00624  -0.00099  -0.00952  -0.00291  -0.00349  -0.01294   0.01680   0.02795

 Columns 17 through 24:

   0.00586   0.00049  -0.00008  -0.00000   0.00000  -0.00000   0.00001  -0.00119
  -0.00244   0.00387  -0.00012  -0.00002   0.00000  -0.00000  -0.00001   0.00062
  -0.00223  -0.00070  -0.00001   0.00001   0.00000  -0.00000   0.00000   0.00042

 Columns 25 through 32:

   0.00990   0.01135   0.00213  -0.02521   0.00002   0.00121  -0.00941  -0.00116
  -0.00415   0.01338   0.15339  -0.08648  -0.17898  -0.03110  -0.03375  -0.02952
  -0.00349  -0.01217  -0.04730  -0.11364  -0.08169  -0.06390  -0.06110  -0.03504

 Columns 33 through 40:

  -0.00498  -0.02173  -0.01254  -0.04004  -0.05489   0.00677   0.01040   0.00032
  -0.06490  -0.06261  -0.02646   0.03669   0.02508  -0.04716   0.00621   0.00114
   0.04758   0.12654  -0.22698  -0.33517   0.01511  -0.01276  -0.03211  -0.00470

 Columns 41 through 48:

   0.00018   0.00000  -0.00031   0.00032   0.02879   0.07155   0.10690   0.10537
   0.00009   0.00000   0.00029   0.00340  -0.01962  -0.34342  -0.26943  -0.38892
   0.00060   0.00000  -0.00013  -0.00678   0.06140   0.37899   0.80778   0.68819

 Columns 49 through 56:

  -0.05941  -0.09152  -0.02289  -0.04095  -0.00568  -0.06672  -0.18267  -0.29339
  -0.45167  -0.27520   0.06784   0.44502   0.64152  -0.05064  -1.01659  -0.42196
   0.31647  -0.09610  -0.07132  -0.13329  -0.19987   0.34800   0.69757   0.35741

 Columns 57 through 64:

  -0.22515  -0.04487   0.05553   0.00080  -0.00037   0.00000   0.00150   0.00504
   0.13639  -0.35337  -0.07965   0.03663  -0.00303   0.00016  -0.00003  -0.04689
   0.24490   0.38611   0.62655   0.03067  -0.00466   0.00000   0.00103  -0.02807

 Columns 65 through 72:

  -0.18344  -0.66672  -1.02273  -1.37950  -0.81447  -0.91029  -0.08727   0.37024
   0.07525   0.11533   0.25910   0.51425   0.56946   0.09981  -1.41181  -0.30532
   0.09774   0.58227   0.42810   0.38010  -0.11479  -0.67119  -0.53758  -0.53368

 Columns 73 through 80:

  -0.11820   0.00661  -0.55482  -0.75808  -1.15640  -1.59011  -1.52449  -0.03289
   1.12330   0.21112  -0.07457   0.54356  -0.19587  -0.30683  -0.72218  -0.34042
  -0.23192   0.87461   1.57777   1.48137   0.22135   0.70982   1.32315   0.20947

 Columns 81 through 88:

  -0.01813   0.00000   0.00747  -0.05467  -0.18887  -0.52241  -3.24317  -2.45833
   0.01778   0.00191  -0.00633  -0.11992   0.44687  -0.23238  -0.59551   0.12374
  -0.02884   0.00000  -0.00318  -0.02683   0.30559   0.66972   0.04272   0.59362

 Columns 89 through 96:

   0.01002   1.50369   2.24858  -0.00575  -0.54923   0.16260  -1.04331  -1.13390
  -0.36276  -1.98944  -2.43360  -0.27226   0.61142   1.05729   0.37449  -0.04261
   0.64777  -1.08581  -1.13417  -0.99179  -0.99234  -0.23064  -0.10763   1.12271

 Columns 97 through 104:

   1.97190   0.14956  -1.41244  -0.24980  -0.04061  -0.00002  -0.01688  -0.13947
   0.28810   0.65196  -0.87528  -1.02667   0.01138  -0.01384  -0.13563   0.05969
   0.03547   0.29772   1.15586   0.11873  -0.05626   0.00007  -0.01087  -0.06109

 Columns 105 through 112:

   1.69018   0.08683  -0.83272  -1.56779  -0.92657   2.49838   1.64449  -2.27293
   0.82917   0.35054   0.44360   0.46059  -0.20523  -2.79780  -2.09962   1.40749
   0.53153   0.46658  -0.26897  -0.11404  -0.18017  -1.22056  -0.41865  -0.92451

 Columns 113 through 120:

  -1.38943  -0.09971  -1.62461  -1.74136   4.20953   0.95952  -3.47039  -0.71246
   0.89682  -0.12976   1.34201   0.04535   0.18976   1.36011  -0.08180  -1.29475
  -1.55207  -0.48623  -0.23680   0.45518  -0.65454   0.03593   1.92849   0.17411

 Columns 121 through 128:

  -0.04741  -0.00016   0.01510  -0.86607  -0.36338  -0.60673  -1.48681  -0.62369
  -0.04241  -0.07599  -0.40722   0.32114   0.96899   0.04734  -0.21930   0.80854
  -0.10743   0.00016  -0.00858  -0.12218  -0.29428  -0.11699  -0.21197  -0.59292

 Columns 129 through 136:

  -1.09719  -0.68933  -1.26771  -1.03247  -0.70389  -0.15918  -0.88355  -1.93542
   0.31266  -2.55799  -1.60577   0.55094   0.42692  -0.57135   0.80762   0.65317
  -0.75758  -0.84045  -0.40836   0.60832  -0.82122  -0.62181  -0.26411   0.29769

 Columns 137 through 144:

  -2.05518  -0.01786  -1.90862  -1.18377  -0.03018  -0.00090   0.05136  -1.69950
  -0.08793  -1.09567  -0.76907  -1.15986  -0.08674  -0.05153  -0.34958   0.99468
   0.15782   0.14403   0.52320   0.16971  -0.12545   0.00024  -0.00749  -0.01537

 Columns 145 through 152:

  -2.89497  -0.85988  -1.09817   0.11509  -0.84357   0.86979  -2.32903  -2.38232
  -0.01575  -0.40226   0.41841   0.43380  -0.17418  -1.90777  -0.64973  -0.97846
  -0.13041   0.92833  -0.10324  -0.28064  -1.27376  -0.60149  -0.57100   0.08139

 Columns 153 through 160:

  -1.27846  -2.47483   1.63519   2.42449  -0.95494   0.02439   0.09985  -2.68270
   0.71275  -0.03906   0.07426   0.48733   0.95360  -0.83730  -0.94286  -1.07495
  -0.29819  -2.06433  -1.11323  -0.72427  -0.25866   0.51068  -0.12764   0.34795

 Columns 161 through 168:

   0.00363   0.02207  -0.27290  -1.33237  -0.53825  -1.95191  -1.41841   0.21013
  -0.14690  -0.03304   0.26358   0.99660  -0.37703   0.47907   0.56237  -0.52863
  -0.10452   0.00129  -0.01212   0.12475  -0.07384   0.50548  -0.28837  -0.47274

 Columns 169 through 176:

   0.10118  -0.39394  -2.25728  -0.45160   0.74573  -0.81980  -2.11296   0.56029
   0.42188  -1.19865  -0.64500   0.42521   1.05603   0.71576   0.91661   0.64448
  -1.42430   0.23392   0.07528   0.28623   0.45024  -1.51537  -0.49216  -0.56360

 Columns 177 through 184:

  -0.09661  -1.01799  -1.66153  -3.14532  -0.47025   0.04575  -0.51949  -0.24077
   0.70915  -0.18253  -0.84781  -0.82750  -0.09753  -0.04925   0.32174   0.45560
  -0.22531   0.28369   0.12287   0.14957  -0.24536   0.00239  -0.04857   0.57870

 Columns 185 through 192:

  -0.77920  -0.92569  -0.40556  -0.23059   0.22297   0.49704   0.44677   1.06328
   0.79946   0.09338  -0.76650   0.44307  -0.67988  -1.83086  -0.59202  -0.18376
   0.44417   0.21246   0.30949   0.60970  -0.79954   0.52292   0.43385   0.22671

 Columns 193 through 200:

   0.64629   1.01969   0.73927   0.19925  -1.50263  -0.19212  -0.22529  -2.31432
   0.21588   0.16386   0.87780   0.22024   0.20747  -0.08403  -0.41358  -0.77743
   0.33494  -1.28613  -0.62031   0.07382  -0.14462  -0.12140   0.56869   0.28429

 Columns 201 through 208:

  -0.13265   0.03015  -0.28788   0.80978  -1.58946  -2.60787   0.39920  -0.47857
  -0.07556   0.09319  -1.13004  -0.46955   0.91995   0.32664  -0.35216   0.48451
  -0.43086   0.00205  -0.04109   0.09603  -0.24466  -0.41608   0.63272  -0.53389

 Columns 209 through 216:

   0.53887   3.04922   3.03111   2.16603   2.53049  -0.11911   1.40524  -0.11146
  -0.55636  -0.62542  -1.52249  -0.39317   0.51694   0.22382   0.44475   0.29499
   0.22017   1.14321   0.25433   0.06089  -0.24841  -1.66660  -1.00900   0.13137

 Columns 217 through 224:

   0.14776  -0.29612  -1.61580  -1.77921   0.05443   0.00870  -0.16871   0.53233
  -1.09564  -0.22790  -0.24899  -0.97003  -0.05380   0.27531  -0.83309  -0.88133
   0.05247   0.12194   0.02424  -0.62274  -0.38501   0.00305  -0.07005   0.34614

 Columns 225 through 232:

   2.30828   0.74376  -0.48329  -1.01349   1.99086   1.36274   0.45301  -1.16209
   0.15914   0.42195  -0.13158  -0.86701  -0.05887   0.35126  -0.41692  -0.54659
   0.66141   0.36774  -0.24438   0.82495   1.43979  -0.32587   0.79124   0.24738

